Year	Month	Tmax	Tmin	PAR	Prec	CO2	O3
1995	1	-4.225806452	-13.70322581	262.4125	9.9	367	0
1995	2	-4.210714286	-14.7	487.9	13	367	0
1995	3	5.087096774	-6.670967742	1012.025	35.9	367	0
1995	4	7.583333333	-3.686666667	741.2125	49.3	367	0
1995	5	18.37419355	5.122580645	1021.65	103.4	367.7732558	2769.742574
1995	6	27.26	12.67333333	1292.2	21.5	362.8832	3279.742574
1995	7	26.37096774	14.15483871	1287.3	137.2	367.9237171	3589.575458
1995	8	25.87741936	15.41935484	1118.775	145.8	372.594086	5686.763469
1995	9	19.55666667	6.24	770.175	65.6	364.9702128	7723.463469
1995	10	12.10645161	2.729032258	531.7375	138	368	8167.796803
1995	11	-1.583333333	-10.74333333	299.5125	51.6	368	0
1995	12	-5.45483871	-15.41290323	233.5375	34.5	368	0
1996	1	-7.241935484	-21.48709677	262.4125	64.3	368	0
1996	2	-4.037931034	-17.37241379	487.9	14.4	368	0
1996	3	-0.606451613	-12.82903226	1012.025	54.8	368	0
1996	4	7.896666667	-4.686666667	741.2125	54.9	368	0
1996	5	17.36451613	3.674193548	1021.65	24.8	369.8970976	3132.476191
1996	6	22.92666667	11.72666667	1292.2	112.4	365.6346968	5634.476191
1996	7	22.82580645	11.77333333	1287.3	138.1	363.5201613	6907.659289
1996	8	25.6483871	12.49032258	1118.775	87.7	366.4814815	7777.815811
1996	9	18.98666667	8.383333333	770.175	66	357.5423977	9436.271142
1996	10	13.27419355	0.406451613	531.7375	107.6	369	0
1996	11	0.1	-7.616666667	299.5125	65.4	369	0
1996	12	-4.703225806	-11.82580645	233.5375	51.4	369	0
1997	1	-6.738709677	-17.66774194	262.4125	80.1	369	0
1997	2	-1.992857143	-13.86785714	487.9	2.9	369	0
1997	3	1.651612903	-9.377419355	1012.025	45.2	369	0
1997	4	10.97333333	-3.23	741.2125	26.5	369	0
1997	5	15.09032258	2.6	1021.65	64.4	369.1546185	2334.551351
1997	6	24.98333333	11.68666667	1292.2	160.2	370.2086614	3400.525377
1997	7	24.71290323	13.25483871	1287.3	116.5	383.8424658	4176.442537
1997	8	22.54516129	11.86129032	1118.775	96.3	369.7642957	5097.910427
1997	9	20.19666667	9.086666667	770.175	107.3	381.3268156	5975.148249
1997	10	13.85483871	2.280645161	531.7375	99.3	406.1944444	0
1997	11	1.593333333	-5.633333333	299.5125	18.6	370	0
1997	12	-0.196774194	-7.474193548	233.5375	15	370	0
1998	1	-3.703225806	-11.52258065	262.4125	46.8	370	0
1998	2	3.45	-5.7	487.9	26.9	370	0
1998	3	3.535483871	-7.083870968	1012.025	82.2	370	0
1998	4	15.75333333	0.916666667	741.2125	29.5	370	0
1998	5	23.20967742	8.625806452	1021.65	112.6	390.6875	2769.742574
1998	6	22.28	9.536666667	1292.2	121.6	378.3208333	3279.742574
1998	7	26.12580645	10.8	1287.3	27.2	377.7826087	3589.575458
1998	8	26.52580645	12.33870968	1118.775	39.6	380.4428105	5686.763469
1998	9	23.2	7.463333333	770.175	47.2	380.4799406	7723.463469
1998	10	14.08064516	1.841935484	531.7375	7.7	372.9917355	8167.796803
1998	11	5.186666667	-2.693333333	299.5125	24.6	371	0
1998	12	-0.309677419	-12.07741935	233.5375	14.2	371	0
1999	1	-7.651612903	-17.6	262.4125	32.1	371	0
1999	2	-0.7875	-12.81666667	487.9	39.6	371	0
1999	3	5.007407407	-7.251851852	1012.025	5.1	371	0
1999	4	13.44333333	-0.066666667	741.2125	41.4	371	0
1999	5	19.6516129	5.75483871	1036.10031	211.2	367.7732558	3132.476191
1999	6	23.21785714	10.05357143	1192.0617	68.5	362.8832	5634.476191
1999	7	27.09032258	14.06129032	1291.77936	132.3	367.9237171	6907.659289
1999	8	23.36774194	10.57096774	1028.232	79.2	372.594086	7777.815811
1999	9	19.08	5.226666667	816.1236	39.9	364.9702128	9436.271142
1999	10	11.56774194	-0.467741935	433.7982	42.4	372	0
1999	11	7.8	-3.63	299.5125	37.2	372	0
1999	12	-2.209677419	-12.12903226	233.5375	12	372	0
2000	1	-5.477419355	-18.13548387	262.4125	25.2	372	0
2000	2	0.134482759	-13.02758621	487.9	25.3	372	0
2000	3	7.55483871	-4.419354839	1012.025	27.4	372	0
2000	4	10.24333333	-2.786666667	741.2125	39.4	372	0
2000	5	19.22903226	4.925806452	1052.102558	27.4	369.8970976	2334.551351
2000	6	21.56333333	8.686666667	1012.350421	86.1	365.6346968	3400.525377
2000	7	23.97419355	11.66451613	769.5427307	196	363.5201613	4176.442537
2000	8	24.26774194	10.87419355	663.0879896	43.8	366.4814815	5097.910427
2000	9	18.70666667	5.983333333	662.24598	50.2	357.5423977	5975.148249
2000	10	14.10666667	1.466666667	518.0724	20.4	373	0
2000	11	1.589655172	-5	299.5125	36.1	373	0
2000	12	-8.846666667	-19.97666667	233.5375	2.8	373	0
2001	1	-2.790322581	-13.17419355	262.4125	6.6	373	0
2001	2	-5.892857143	-17.02857143	487.9	8.9	373	0
2001	3	1.567741936	-9.012903226	1012.025	3.1	373	0
2001	4	12.96	0.503333333	741.2125	62.3	373	0
2001	5	18.96129032	5.835483871	742.1032929	64.3	369.1546185	2786.847458
2001	6	23.08666667	10.74666667	1171.2762	72.8	370.2086614	4779.405597
2001	7	26.18709677	12.16774194	1315.145725	95.2	383.8424658	6699.893402
2001	8	25.57419355	12.03870968	1178.815364	76.1	369.7642957	7647.460069
2001	9	18.44666667	6.22	746.0143491	166.7	381.3268156	8165.228094
2001	10	11.75806452	0.196774194	468.7479	59.8	406.1944444	8847.228094
2001	11	9.03	-0.833333333	299.5125	30.6	374	0
2001	12	-0.480645161	-8.835483871	233.5375	32.1	374	0
2002	1	-1.558064516	-10.5483871	262.4125	1.8	374	0
2002	2	-0.125	-10.95714286	487.9	12.5	374	0
2002	3	-1.674193548	-13.00322581	1012.025	34.2	374	0
2002	4	9.151724138	-2.555172414	741.2125	152.6	374	0
2002	5	15.08387097	2.009677419	1116.4716	41.9	390.6875	5773.75
2002	6	23.16666667	11.77333333	988.1622	58.2	378.3208333	7339.098189
2002	7	27.54	14.25666667	1197.31185	121.9	377.7826087	8217.17949
2002	8	24.28709677	11.49677419	913.8753	62	380.4428105	8989.17949
2002	9	20.12666667	8.763333333	458.4402	110.9	380.4799406	9800.005838
2002	10	7.683870968	-1.825806452	338.2794	54	372.9917355	9891.481247
2002	11	1.853333333	-7.17	299.5125	2.6	375	0
2002	12	-1.716129032	-10.50645161	233.5375	5.3	375	0
2003	1	-7.141935484	-17.6	262.4125	0.6	375	0
2003	2	-6.192857143	-19.52142857	487.9	7.7	375	0
2003	3	2.277419355	-10.21935484	1012.025	22.1	375	0
2003	4	10.43103448	-3.117241379	741.2125	62.2	375	0
2003	5	17.41935484	2.783870968	1042.461	58.2	381.3647059	2246.198473
2003	6	22.79333333	8.34	1093.203	32	378.3819444	4470.198473
2003	7	25.86129032	11.07741936	1120.38975	100.3	386.0188172	5499.198473
2003	8	26.36774194	12.26129032	1030.08645	19.8	393.795424	6739.532705
2003	9	19.63	7.576666667	687.9627514	33.5	379.2694444	8745.232705
2003	10	11.88	-0.11	488.8909436	15.5	382.6458333	10026.56604
2003	11	2.45	-5.186666667	299.5125	19.2	376	0
2003	12	-1.148387097	-10.71935484	233.5375	18.8	376	0
2004	1	-8.883333333	-19.13	262.4125	15.9	376	0
2004	2	-1.371428571	-12.91071429	487.9	39	376	0
2004	3	2.903333333	-6.653333333	1012.025	75	376	0
2004	4	11.52	-1.303333333	741.2125	56	376	0
2004	5	16.41935484	3.7	901.9179	115.5	381.755102	823.7142857
2004	6	22.12666667	9.043333333	1085.2407	79.8	385.9284692	1514.154168
2004	7	24.60322581	11.23870968	1044.1953	80.1	379.0652482	2445.159574
2004	8	21.39677419	9.012903226	844.7148	73.1	378.5577957	2631.739013
2004	9	23.08	9.163333333	649.692	81.1	382.0555556	5553.841286
2004	10	12.67096774	2.222580645	385.2468	104.6	383.0074813	6231.21442
2004	11	5.483333333	-3.633333333	299.5125	33.8	377	0
2004	12	-3.958064516	-13.21935484	233.5375	28	377	0
2005	1	-7.006451613	-16.20322581	262.4125	12.1	377	0
2005	2	-0.95	-12.08571429	487.9	18	377	0
2005	3	1.783870968	-11.23870968	1012.025	33.4	377	0
2005	4	14.49666667	0.24	741.2125	45.1	377	0
2005	5	16.70645161	4.793548387	1021.65	44.4	392.3719807	754.5283019
2005	6	26.51666667	13.32	1292.2	77.9	386.1319444	3742.528302
2005	7	28.14193548	13.40645161	1287.3	43.3	377.3902439	6389.324762
2005	8	25.61612903	12.53548387	1118.775	58.1	378.7997312	7996.324762
2005	9	23.35333333	8.593333333	770.175	82	387.9472222	10081.62054
2005	10	14.31935484	3.396774194	531.7375	110.4	386.5069444	10781.70387
2005	11	4.286666667	-4.733333333	299.5125	60	378	0
2005	12	-4.590322581	-12.03548387	233.5375	16.1	378	0
2006	1	-0.741935484	-8.035483871	262.4125	19.3	378	0
2006	2	-4.428571429	-16.17142857	487.9	10.5	378	0
2006	3	3.358064516	-7.874193548	1012.025	45.8	378	0
2006	4	15.33	1.176666667	741.2125	14.6	378	0
2006	5	18.62580645	6.783870968	1021.65	171.6	390.3111111	2089.963636
2006	6	24.82333333	9.306666667	1292.2	12.6	389.1888889	4683.744555
2006	7	29.67741936	13.63548387	1287.3	113.8	396.1858887	6694.264786
2006	8	24.85806452	11.66451613	1118.775	99.5	424.3427419	7395.148883
2006	9	18.22	5.72	770.175	67.3	399.1876751	7702.543841
2006	10	9.825806452	-0.983870968	531.7375	47.9	379	0
2006	11	5.09	-2.773333333	299.5125	40.4	379	0
2006	12	-0.687096774	-8.187096774	233.5375	51	379	0
2007	1	-4.287096774	-12.80967742	262.4125	4.9	379	0
2007	2	-7.692857143	-17.80357143	487.9	6.1	379	0
2007	3	5.412903226	-5.980645161	1012.025	37.1	379	0
2007	4	10.81	-1.336666667	741.2125	24.9	379	0
2007	5	21.00645161	6.503225807	1021.65	87.7	390.3111111	3689
2007	6	25.69666667	11.05	1292.2	96.1	389.1888889	6771.562674
2007	7	26.40322581	12.97096774	1287.3	116.9	396.1858887	7297.706321
2007	8	25.23548387	12.43548387	1118.775	63.3	424.3427419	8015.352097
2007	9	21.13333333	9.596666667	770.175	100.9	399.1876751	8946.225337
2007	10	15.28387097	4.961290323	531.7375	131.5	380	0
2007	11	2.566666667	-5.38	299.5125	5.6	380	0
2007	12	-4.641935484	-13.83225806	233.5375	0	380	0
2008	1	-5.806451613	-15.28064516	262.4125	10.7	380	0
2008	2	-5.237931034	-17.29310345	487.9	15.7	380	0
2008	3	0.709677419	-11.11935484	1012.025	22.1	380	0
2008	4	10.24	-1.05	741.2125	67.8	380	0
2008	5	17.01612903	2.051612903	1021.65	83.2	410.4398148	1470.616822
2008	6	23.04333333	10.89333333	1292.2	91.9	417.049505	2640.114029
2008	7	26.30645161	12.63870968	1287.3	93.4	408.6440217	3325.539444
2008	8	25.91935484	9.690322581	1118.775	37.8	398.5921938	4023.415454
2008	9	20.46333333	8.806666667	770.175	53.8	396.9263889	4871.782121
2008	10	12.40645161	1.480645161	531.7375	37	401.0829268	4927.029646
2008	11	3.063333333	-5.016666667	299.5125	21.6	381	0
2008	12	-6.427586207	-17.28965517	233.5375	13.4	381	0
2009	1	-8.993548387	-21.28064516	262.4125	9	381	0
2009	2	-2.7	-13.25	487.9	9.1	381	0
2009	3	3.261290323	-7.761290323	1012.025	28.5	381	0
2009	4	10.70333333	-1.006666667	741.2125	61.3	381	0
2009	5	18.26451613	4.84516129	1021.65	58.1	404.2803532	1537.922078
2009	6	22.66333333	9.33	1292.2	39.1	415.25	2892.922078
2009	7	23.25806452	9.551612903	1287.3	48.9	397.5345061	3148.922078
2009	8	23.54516129	10.5	1118.775	96.2	392.5442478	4007.467533
2009	9	22.89333333	7.656666667	770.175	16.4	402.1972222	5730.579892
2009	10	8.225806452	0.661290323	531.7375	118.5	393.8741722	5751.246559
2009	11	8.4	-1.43	299.5125	11.1	382	0
2009	12	-4.838709677	-13.2483871	233.5375	4.5	382	0
2010	1	-5.296774194	-13.56774194	262.4125	4.1	382	0
2010	2	-1.932142857	-11.80357143	487.9	3	382	0
2010	3	10.04516129	-4.587096774	1012.025	11.7	382	0
2010	4	16.19333333	2.07	741.2125	39.7	382	0
2010	5	20.71612903	6.309677419	1021.65	34.2	390.3111111	2089.963636
2010	6	22.31333333	11.19333333	1292.2	167.8	389.1888889	4683.744555
2010	7	26.61612903	14.9516129	1287.3	134.2	396.1858887	6694.264786
2010	8	26.62903226	14.57096774	1118.775	109.4	424.3427419	7395.148883
2010	9	18.09	5.496666667	770.175	192.2	399.1876751	7702.543841
2010	10	14.80967742	1.309677419	531.7375	49.5	383	0
2010	11	4.61	-4.81	299.5125	21.7	383	0
2010	12	-4.725806452	-12.42580645	233.5375	17.3	383	0
2011	1	-7.806451613	-16.24193548	262.4125	8.3	383	0
2011	2	-3.135714286	-12.95	487.9	1.7	383	0
2011	3	1.896774194	-9.819354839	1012.025	26.7	383	0
2011	4	8.89	-2.066666667	741.2125	58.4	383	0
2011	5	17.49032258	5.377419355	1021.65	114.2	390.3111111	3689
2011	6	23.22333333	9.663333333	1292.2	96.2	389.1888889	6771.562674
2011	7	28.1	14.86129032	1287.3	60.2	396.1858887	7297.706321
2011	8	25.34193548	11.92258065	1118.775	64.4	424.3427419	8015.352097
2011	9	18.77333333	6.6	770.175	66.9	399.1876751	8946.225337
2011	10	14.81612903	3.351612903	531.7375	33.1	384	0
2011	11	5.356666667	-2.796666667	299.5125	44.1	384	0
2011	12	-1.64516129	-9.851612903	233.5375	41.2	384	0
2012	1	-2.703225806	-13.23870968	262.4125	33.8	384	0
2012	2	-0.110714286	-10.55714286	487.9	51.2	384	0
2012	3	11.53548387	0.587096774	1012.025	24.5	384	0
2012	4	12.44	-1.01	741.2125	49	384	0
2012	5	21.25806452	5.683870968	1021.65	123	410.4398148	1470.616822
2012	6	25.14333333	10.71333333	1292.2	94.9	417.049505	2640.114029
2012	7	28.72903226	13.98709677	1287.3	151.6	408.6440217	3325.539444
2012	8	25.29032258	10.39354839	1118.775	37.8	398.5921938	4023.415454
2012	9	20.01333333	4.323333333	770.175	41.9	396.9263889	4871.782121
2012	10	11.20967742	0.477419355	531.7375	88.4	401.0829268	4927.029646
2012	11	4.306666667	-4.82	299.5125	35.9	385	0
2012	12	-1.535483871	-8.832258065	233.5375	22.4	385	0
2013	1	-4.703225806	-15.07419355	262.4125	30.3	385	0
2013	2	-4.35	-14.56785714	487.9	40.9	385	0
2013	3	-0.106451613	-10.96451613	1012.025	51.2	385	0
2013	4	6.763333333	-2.95	741.2125	117.5	385	0
2013	5	18.0483871	4.470967742	1021.65	99.1	404.2803532	1537.922078
2013	6	21.90666667	9.503333333	1292.2	134.6	415.25	2892.922078
2013	7	25.30322581	12.80967742	1287.3	69.8	397.5345061	3148.922078
2013	8	24.83870968	10.60967742	1118.775	139	392.5442478	4007.467533
2013	9	20.90666667	6.386666667	770.175	53.9	402.1972222	5730.579892
2013	10	11.73548387	1.387096774	531.7375	105.6	393.8741722	5751.246559
2013	11	1.623333333	-6.776666667	299.5125	53.7	386	0
2013	12	-8.580645161	-18.50645161	233.5375	42.5	386	0
2014	1	-11.07419355	-21.72258065	262.4125	35.2	386	0
2014	2	-9.132142857	-21.425	487.9	31.5	386	0
2014	3	-1.448387097	-13.6	1012.025	19.6	386	0
2014	4	7.423333333	-4.26	741.2125	123.3	386	0
2014	5	18.55483871	4.783870968	1021.65	73.2	367.7732558	2769.742574
2014	6	23.57	11.67	1292.2	171	362.8832	3279.742574
2014	7	23.10322581	10.63548387	1287.3	101.5	367.9237171	3589.575458
2014	8	23.53548387	11.14193548	1118.775	117.6	372.594086	5686.763469
2014	9	19.17333333	5.58	770.175	162.1	364.9702128	7723.463469
2014	10	10.73225807	1.129032258	531.7375	87.4	386	8167.796803
2014	11	-2.036666667	-10.44	299.5125	84.5	386	0
2014	12	-3.451612903	-11.31935484	233.5375	51.4	386	0
2015	1	-7.187096774	-15.72258065	262.4125	17.5	386	0
2015	2	-9.914285714	-22.1	487.9	5.3	386	0
2015	3	4.116129032	-8.106451613	1012.025	19.7	386	0
2015	4	12.33666667	-1.19	741.2125	82.5	386	0
2015	5	19.5516129	5.629032258	1021.65	93.6	369.8970976	3132.476191
2015	6	22.59	9.016666667	1292.2	90.6	365.6346968	5634.476191
2015	7	26.32903226	11.70645161	1287.3	77.7	363.5201613	6907.659289
2015	8	23.22903226	12.13548387	1118.775	87.9	366.4814815	7777.815811
2015	9	22.75333333	10.82333333	770.175	70.1	357.5423977	9436.271142
2015	10	13.16774194	2.164516129	531.7375	90.8	386	0
2015	11	7.8	-2.66	299.5125	61	386	0
2015	12	1.129032258	-4.329032258	233.5375	100.8	386	0
2016	1	-5.232258065	-13.68064516	262.4125	19.4	386	0
2016	2	-2.2	-11.3862069	487.9	24.9	386	0
2016	3	6.583870968	-3.832258065	1012.025	93.1	386	0
2016	4	10.32	-1.146666667	741.2125	70.7	386	0
2016	5	19.87096774	4.822580645	1021.65	73.7	369.1546185	2334.551351
2016	6	24.19666667	10.70666667	1292.2	178.3	370.2086614	3400.525377
2016	7	26.39677419	13.42903226	1287.3	97.2	383.8424658	4176.442537
2016	8	25.66774194	13.66774194	1118.775	143.8	369.7642957	5097.910427
2016	9	21.26333333	9.7	770.175	142.9	381.3268156	5975.148249
2016	10	14.72258065	3.219354839	531.7375	143.3	406.1944444	0
2016	11	9.73	-0.88	299.5125	50.4	386	0
2016	12	-4.05483871	-11.32580645	233.5375	52.7	386	0
2017	1	-7.651612903	-17.6	262.4125	32.1	386	0
2017	2	-0.7875	-12.81666667	487.9	39.6	386	0
2017	3	5.007407407	-7.251851852	1012.025	5.1	386	0
2017	4	13.44333333	-0.066666667	741.2125	41.4	386	0
2017	5	19.6516129	5.75483871	1021.65	211.2	390.6875	2769.742574
2017	6	23.21785714	10.05357143	1292.2	68.5	378.3208333	3279.742574
2017	7	27.09032258	14.06129032	1287.3	132.3	377.7826087	3589.575458
2017	8	23.36774194	10.57096774	1118.775	79.2	380.4428105	5686.763469
2017	9	19.08	5.226666667	770.175	39.9	380.4799406	7723.463469
2017	10	11.56774194	-0.467741935	531.7375	42.4	372.9917355	8167.796803
2017	11	7.8	-3.63	299.5125	37.2	386	0
2017	12	-2.209677419	-12.12903226	233.5375	12	386	0
2018	1	-5.477419355	-18.13548387	262.4125	25.2	386	0
2018	2	0.134482759	-13.02758621	487.9	25.3	386	0
2018	3	7.55483871	-4.419354839	1012.025	27.4	386	0
2018	4	10.24333333	-2.786666667	741.2125	39.4	386	0
2018	5	19.22903226	4.925806452	1021.65	27.4	367.7732558	3132.476191
2018	6	21.56333333	8.686666667	1292.2	86.1	362.8832	5634.476191
2018	7	23.97419355	11.66451613	1287.3	196	367.9237171	6907.659289
2018	8	24.26774194	10.87419355	1118.775	43.8	372.594086	7777.815811
2018	9	18.70666667	5.983333333	770.175	50.2	364.9702128	9436.271142
2018	10	14.10666667	1.466666667	531.7375	20.4	386	0
2018	11	1.589655172	-5	299.5125	36.1	386	0
2018	12	-8.846666667	-19.97666667	233.5375	2.8	386	0
2019	1	-2.790322581	-13.17419355	262.4125	6.6	386	0
2019	2	-5.892857143	-17.02857143	487.9	8.9	386	0
2019	3	1.567741936	-9.012903226	1012.025	3.1	386	0
2019	4	12.96	0.503333333	741.2125	62.3	386	0
2019	5	18.96129032	5.835483871	1021.65	64.3	369.8970976	2334.551351
2019	6	23.08666667	10.74666667	1292.2	72.8	365.6346968	3400.525377
2019	7	26.18709677	12.16774194	1287.3	95.2	363.5201613	4176.442537
2019	8	25.57419355	12.03870968	1118.775	76.1	366.4814815	5097.910427
2019	9	18.44666667	6.22	770.175	166.7	357.5423977	5975.148249
2019	10	11.75806452	0.196774194	531.7375	59.8	386	0
2019	11	9.03	-0.833333333	299.5125	30.6	386	0
2019	12	-0.480645161	-8.835483871	233.5375	32.1	386	0
2020	1	-1.558064516	-10.5483871	262.4125	1.8	386	0
2020	2	-0.125	-10.95714286	487.9	12.5	386	0
2020	3	-1.674193548	-13.00322581	1012.025	34.2	386	0
2020	4	9.151724138	-2.555172414	741.2125	152.6	386	0
2020	5	15.08387097	2.009677419	1021.65	41.9	369.1546185	2786.847458
2020	6	23.16666667	11.77333333	1292.2	58.2	370.2086614	4779.405597
2020	7	27.54	14.25666667	1287.3	121.9	383.8424658	6699.893402
2020	8	24.28709677	11.49677419	1118.775	62	369.7642957	7647.460069
2020	9	20.12666667	8.763333333	770.175	110.9	381.3268156	8165.228094
2020	10	7.683870968	-1.825806452	531.7375	54	406.1944444	8847.228094
2020	11	1.853333333	-7.17	299.5125	2.6	386	0
2020	12	-1.716129032	-10.50645161	233.5375	5.3	386	0
2021	1	-7.141935484	-17.6	262.4125	0.6	386	0
2021	2	-6.192857143	-19.52142857	487.9	7.7	386	0
2021	3	2.277419355	-10.21935484	1012.025	22.1	386	0
2021	4	10.43103448	-3.117241379	741.2125	62.2	386	0
2021	5	17.41935484	2.783870968	1021.65	58.2	390.6875	5773.75
2021	6	22.79333333	8.34	1292.2	32	378.3208333	7339.098189
2021	7	25.86129032	11.07741936	1287.3	100.3	377.7826087	8217.17949
2021	8	26.36774194	12.26129032	1118.775	19.8	380.4428105	8989.17949
2021	9	19.63	7.576666667	770.175	33.5	380.4799406	9800.005838
2021	10	11.88	-0.11	531.7375	15.5	372.9917355	9891.481247
2021	11	2.45	-5.186666667	299.5125	19.2	386	0
2021	12	-1.148387097	-10.71935484	233.5375	18.8	386	0
2022	1	-8.883333333	-19.13	262.4125	15.9	386	0
2022	2	-1.371428571	-12.91071429	487.9	39	386	0
2022	3	2.903333333	-6.653333333	1012.025	75	386	0
2022	4	11.52	-1.303333333	741.2125	56	386	0
2022	5	16.41935484	3.7	1021.65	115.5	381.3647059	2246.198473
2022	6	22.12666667	9.043333333	1292.2	79.8	378.3819444	4470.198473
2022	7	24.60322581	11.23870968	1287.3	80.1	386.0188172	5499.198473
2022	8	21.39677419	9.012903226	1118.775	73.1	393.795424	6739.532705
2022	9	23.08	9.163333333	770.175	81.1	379.2694444	8745.232705
2022	10	12.67096774	2.222580645	531.7375	104.6	382.6458333	10026.56604
2022	11	5.483333333	-3.633333333	299.5125	33.8	386	0
2022	12	-3.958064516	-13.21935484	233.5375	28	386	0
2023	1	-7.006451613	-16.20322581	262.4125	12.1	386	0
2023	2	-0.95	-12.08571429	487.9	18	386	0
2023	3	1.783870968	-11.23870968	1012.025	33.4	386	0
2023	4	14.49666667	0.24	741.2125	45.1	386	0
2023	5	16.70645161	4.793548387	1021.65	44.4	381.755102	823.7142857
2023	6	26.51666667	13.32	1292.2	77.9	385.9284692	1514.154168
2023	7	28.14193548	13.40645161	1287.3	43.3	379.0652482	2445.159574
2023	8	25.61612903	12.53548387	1118.775	58.1	378.5577957	2631.739013
2023	9	23.35333333	8.593333333	770.175	82	382.0555556	5553.841286
2023	10	14.31935484	3.396774194	531.7375	110.4	383.0074813	6231.21442
2023	11	4.286666667	-4.733333333	299.5125	60	386	0
2023	12	-4.590322581	-12.03548387	233.5375	16.1	386	0
2024	1	-0.741935484	-8.035483871	262.4125	19.3	386	0
2024	2	-4.428571429	-16.17142857	487.9	10.5	386	0
2024	3	3.358064516	-7.874193548	1012.025	45.8	386	0
2024	4	15.33	1.176666667	741.2125	14.6	386	0
2024	5	18.62580645	6.783870968	1021.65	171.6	392.3719807	754.5283019
2024	6	24.82333333	9.306666667	1292.2	12.6	386.1319444	3742.528302
2024	7	29.67741936	13.63548387	1287.3	113.8	377.3902439	6389.324762
2024	8	24.85806452	11.66451613	1118.775	99.5	378.7997312	7996.324762
2024	9	18.22	5.72	770.175	67.3	387.9472222	10081.62054
2024	10	9.825806452	-0.983870968	531.7375	47.9	386.5069444	10781.70387
2024	11	5.09	-2.773333333	299.5125	40.4	386	0
2024	12	-0.687096774	-8.187096774	233.5375	51	386	0
2025	1	-4.287096774	-12.80967742	262.4125	4.9	386	0
2025	2	-7.692857143	-17.80357143	487.9	6.1	386	0
2025	3	5.412903226	-5.980645161	1012.025	37.1	386	0
2025	4	10.81	-1.336666667	741.2125	24.9	386	0
2025	5	21.00645161	6.503225807	1021.65	87.7	390.3111111	2089.963636
2025	6	25.69666667	11.05	1292.2	96.1	389.1888889	4683.744555
2025	7	26.40322581	12.97096774	1287.3	116.9	396.1858887	6694.264786
2025	8	25.23548387	12.43548387	1118.775	63.3	424.3427419	7395.148883
2025	9	21.13333333	9.596666667	770.175	100.9	399.1876751	7702.543841
2025	10	15.28387097	4.961290323	531.7375	131.5	386	0
2025	11	2.566666667	-5.38	299.5125	5.6	386	0
2025	12	-4.641935484	-13.83225806	233.5375	0	386	0
2026	1	-5.806451613	-15.28064516	262.4125	10.7	386	0
2026	2	-5.237931034	-17.29310345	487.9	15.7	386	0
2026	3	0.709677419	-11.11935484	1012.025	22.1	386	0
2026	4	10.24	-1.05	741.2125	67.8	386	0
2026	5	17.01612903	2.051612903	1021.65	83.2	390.3111111	3689
2026	6	23.04333333	10.89333333	1292.2	91.9	389.1888889	6771.562674
2026	7	26.30645161	12.63870968	1287.3	93.4	396.1858887	7297.706321
2026	8	25.91935484	9.690322581	1118.775	37.8	424.3427419	8015.352097
2026	9	20.46333333	8.806666667	770.175	53.8	399.1876751	8946.225337
2026	10	12.40645161	1.480645161	531.7375	37	386	0
2026	11	3.063333333	-5.016666667	299.5125	21.6	386	0
2026	12	-6.427586207	-17.28965517	233.5375	13.4	386	0
2027	1	-8.993548387	-21.28064516	262.4125	9	386	0
2027	2	-2.7	-13.25	487.9	9.1	386	0
2027	3	3.261290323	-7.761290323	1012.025	28.5	386	0
2027	4	10.70333333	-1.006666667	741.2125	61.3	386	0
2027	5	18.26451613	4.84516129	1021.65	58.1	410.4398148	1470.616822
2027	6	22.66333333	9.33	1292.2	39.1	417.049505	2640.114029
2027	7	23.25806452	9.551612903	1287.3	48.9	408.6440217	3325.539444
2027	8	23.54516129	10.5	1118.775	96.2	398.5921938	4023.415454
2027	9	22.89333333	7.656666667	770.175	16.4	396.9263889	4871.782121
2027	10	8.225806452	0.661290323	531.7375	118.5	401.0829268	4927.029646
2027	11	8.4	-1.43	299.5125	11.1	386	0
2027	12	-4.838709677	-13.2483871	233.5375	4.5	386	0
2028	1	-5.296774194	-13.56774194	262.4125	4.1	386	0
2028	2	-1.932142857	-11.80357143	487.9	3	386	0
2028	3	10.04516129	-4.587096774	1012.025	11.7	386	0
2028	4	16.19333333	2.07	741.2125	39.7	386	0
2028	5	20.71612903	6.309677419	1021.65	34.2	404.2803532	1537.922078
2028	6	22.31333333	11.19333333	1292.2	167.8	415.25	2892.922078
2028	7	26.61612903	14.9516129	1287.3	134.2	397.5345061	3148.922078
2028	8	26.62903226	14.57096774	1118.775	109.4	392.5442478	4007.467533
2028	9	18.09	5.496666667	770.175	192.2	402.1972222	5730.579892
2028	10	14.80967742	1.309677419	531.7375	49.5	393.8741722	5751.246559
2028	11	4.61	-4.81	299.5125	21.7	386	0
2028	12	-4.725806452	-12.42580645	233.5375	17.3	386	0
2029	1	-7.806451613	-16.24193548	262.4125	8.3	386	0
2029	2	-3.135714286	-12.95	487.9	1.7	386	0
2029	3	1.896774194	-9.819354839	1012.025	26.7	386	0
2029	4	8.89	-2.066666667	741.2125	58.4	386	0
2029	5	17.49032258	5.377419355	1021.65	114.2	390.3111111	2089.963636
2029	6	23.22333333	9.663333333	1292.2	96.2	389.1888889	4683.744555
2029	7	28.1	14.86129032	1287.3	60.2	396.1858887	6694.264786
2029	8	25.34193548	11.92258065	1118.775	64.4	424.3427419	7395.148883
2029	9	18.77333333	6.6	770.175	66.9	399.1876751	7702.543841
2029	10	14.81612903	3.351612903	531.7375	33.1	386	0
2029	11	5.356666667	-2.796666667	299.5125	44.1	386	0
2029	12	-1.64516129	-9.851612903	233.5375	41.2	386	0
2030	1	-2.703225806	-13.23870968	262.4125	33.8	386	0
2030	2	-0.110714286	-10.55714286	487.9	51.2	386	0
2030	3	11.53548387	0.587096774	1012.025	24.5	386	0
2030	4	12.44	-1.01	741.2125	49	386	0
2030	5	21.25806452	5.683870968	1021.65	123	390.3111111	3689
2030	6	25.14333333	10.71333333	1292.2	94.9	389.1888889	6771.562674
2030	7	28.72903226	13.98709677	1287.3	151.6	396.1858887	7297.706321
2030	8	25.29032258	10.39354839	1118.775	37.8	424.3427419	8015.352097
2030	9	20.01333333	4.323333333	770.175	41.9	399.1876751	8946.225337
2030	10	11.20967742	0.477419355	531.7375	88.4	386	0
2030	11	4.306666667	-4.82	299.5125	35.9	386	0
2030	12	-1.535483871	-8.832258065	233.5375	22.4	386	0
2031	1	-4.703225806	-15.07419355	262.4125	30.3	386	0
2031	2	-4.35	-14.56785714	487.9	40.9	386	0
2031	3	-0.106451613	-10.96451613	1012.025	51.2	386	0
2031	4	6.763333333	-2.95	741.2125	117.5	386	0
2031	5	18.0483871	4.470967742	1021.65	99.1	410.4398148	1470.616822
2031	6	21.90666667	9.503333333	1292.2	134.6	417.049505	2640.114029
2031	7	25.30322581	12.80967742	1287.3	69.8	408.6440217	3325.539444
2031	8	24.83870968	10.60967742	1118.775	139	398.5921938	4023.415454
2031	9	20.90666667	6.386666667	770.175	53.9	396.9263889	4871.782121
2031	10	11.73548387	1.387096774	531.7375	105.6	401.0829268	4927.029646
2031	11	1.623333333	-6.776666667	299.5125	53.7	386	0
2031	12	-8.580645161	-18.50645161	233.5375	42.5	386	0
2032	1	-11.07419355	-21.72258065	262.4125	35.2	386	0
2032	2	-9.132142857	-21.425	487.9	31.5	386	0
2032	3	-1.448387097	-13.6	1012.025	19.6	386	0
2032	4	7.423333333	-4.26	741.2125	123.3	386	0
2032	5	18.55483871	4.783870968	1021.65	73.2	404.2803532	1537.922078
2032	6	23.57	11.67	1292.2	171	415.25	2892.922078
2032	7	23.10322581	10.63548387	1287.3	101.5	397.5345061	3148.922078
2032	8	23.53548387	11.14193548	1118.775	117.6	392.5442478	4007.467533
2032	9	19.17333333	5.58	770.175	162.1	402.1972222	5730.579892
2032	10	10.73225807	1.129032258	531.7375	87.4	393.8741722	5751.246559
2032	11	-2.036666667	-10.44	299.5125	84.5	386	0
2032	12	-3.451612903	-11.31935484	233.5375	51.4	386	0
2033	1	-7.187096774	-15.72258065	262.4125	17.5	386	0
2033	2	-9.914285714	-22.1	487.9	5.3	386	0
2033	3	4.116129032	-8.106451613	1012.025	19.7	386	0
2033	4	12.33666667	-1.19	741.2125	82.5	386	0
2033	5	19.5516129	5.629032258	1021.65	93.6	367.7732558	2769.742574
2033	6	22.59	9.016666667	1292.2	90.6	362.8832	3279.742574
2033	7	26.32903226	11.70645161	1287.3	77.7	367.9237171	3589.575458
2033	8	23.22903226	12.13548387	1118.775	87.9	372.594086	5686.763469
2033	9	22.75333333	10.82333333	770.175	70.1	364.9702128	7723.463469
2033	10	13.16774194	2.164516129	531.7375	90.8	386	8167.796803
2033	11	7.8	-2.66	299.5125	61	386	0
2033	12	1.129032258	-4.329032258	233.5375	100.8	386	0
2034	1	-5.232258065	-13.68064516	262.4125	19.4	386	0
2034	2	-2.2	-11.3862069	487.9	24.9	386	0
2034	3	6.583870968	-3.832258065	1012.025	93.1	386	0
2034	4	10.32	-1.146666667	741.2125	70.7	386	0
2034	5	19.87096774	4.822580645	1021.65	73.7	369.8970976	3132.476191
2034	6	24.19666667	10.70666667	1292.2	178.3	365.6346968	5634.476191
2034	7	26.39677419	13.42903226	1287.3	97.2	363.5201613	6907.659289
2034	8	25.66774194	13.66774194	1118.775	143.8	366.4814815	7777.815811
2034	9	21.26333333	9.7	770.175	142.9	357.5423977	9436.271142
2034	10	14.72258065	3.219354839	531.7375	143.3	386	0
2034	11	9.73	-0.88	299.5125	50.4	386	0
2034	12	-4.05483871	-11.32580645	233.5375	52.7	386	0
2035	1	-7.651612903	-17.6	262.4125	32.1	386	0
2035	2	-0.7875	-12.81666667	487.9	39.6	386	0
2035	3	5.007407407	-7.251851852	1012.025	5.1	386	0
2035	4	13.44333333	-0.066666667	741.2125	41.4	386	0
2035	5	19.6516129	5.75483871	1021.65	211.2	369.1546185	2334.551351
2035	6	23.21785714	10.05357143	1292.2	68.5	370.2086614	3400.525377
2035	7	27.09032258	14.06129032	1287.3	132.3	383.8424658	4176.442537
2035	8	23.36774194	10.57096774	1118.775	79.2	369.7642957	5097.910427
2035	9	19.08	5.226666667	770.175	39.9	381.3268156	5975.148249
2035	10	11.56774194	-0.467741935	531.7375	42.4	406.1944444	0
2035	11	7.8	-3.63	299.5125	37.2	386	0
2035	12	-2.209677419	-12.12903226	233.5375	12	386	0
2036	1	-5.477419355	-18.13548387	262.4125	25.2	386	0
2036	2	0.134482759	-13.02758621	487.9	25.3	386	0
2036	3	7.55483871	-4.419354839	1012.025	27.4	386	0
2036	4	10.24333333	-2.786666667	741.2125	39.4	386	0
2036	5	19.22903226	4.925806452	1021.65	27.4	390.6875	2769.742574
2036	6	21.56333333	8.686666667	1292.2	86.1	378.3208333	3279.742574
2036	7	23.97419355	11.66451613	1287.3	196	377.7826087	3589.575458
2036	8	24.26774194	10.87419355	1118.775	43.8	380.4428105	5686.763469
2036	9	18.70666667	5.983333333	770.175	50.2	380.4799406	7723.463469
2036	10	14.10666667	1.466666667	531.7375	20.4	372.9917355	8167.796803
2036	11	1.589655172	-5	299.5125	36.1	386	0
2036	12	-8.846666667	-19.97666667	233.5375	2.8	386	0
2037	1	-2.790322581	-13.17419355	262.4125	6.6	386	0
2037	2	-5.892857143	-17.02857143	487.9	8.9	386	0
2037	3	1.567741936	-9.012903226	1012.025	3.1	386	0
2037	4	12.96	0.503333333	741.2125	62.3	386	0
2037	5	18.96129032	5.835483871	1021.65	64.3	367.7732558	3132.476191
2037	6	23.08666667	10.74666667	1292.2	72.8	362.8832	5634.476191
2037	7	26.18709677	12.16774194	1287.3	95.2	367.9237171	6907.659289
2037	8	25.57419355	12.03870968	1118.775	76.1	372.594086	7777.815811
2037	9	18.44666667	6.22	770.175	166.7	364.9702128	9436.271142
2037	10	11.75806452	0.196774194	531.7375	59.8	386	0
2037	11	9.03	-0.833333333	299.5125	30.6	386	0
2037	12	-0.480645161	-8.835483871	233.5375	32.1	386	0
2038	1	-1.558064516	-10.5483871	262.4125	1.8	386	0
2038	2	-0.125	-10.95714286	487.9	12.5	386	0
2038	3	-1.674193548	-13.00322581	1012.025	34.2	386	0
2038	4	9.151724138	-2.555172414	741.2125	152.6	386	0
2038	5	15.08387097	2.009677419	1021.65	41.9	369.8970976	2334.551351
2038	6	23.16666667	11.77333333	1292.2	58.2	365.6346968	3400.525377
2038	7	27.54	14.25666667	1287.3	121.9	363.5201613	4176.442537
2038	8	24.28709677	11.49677419	1118.775	62	366.4814815	5097.910427
2038	9	20.12666667	8.763333333	770.175	110.9	357.5423977	5975.148249
2038	10	7.683870968	-1.825806452	531.7375	54	386	0
2038	11	1.853333333	-7.17	299.5125	2.6	386	0
2038	12	-1.716129032	-10.50645161	233.5375	5.3	386	0
2039	1	-7.141935484	-17.6	262.4125	0.6	386	0
2039	2	-6.192857143	-19.52142857	487.9	7.7	386	0
2039	3	2.277419355	-10.21935484	1012.025	22.1	386	0
2039	4	10.43103448	-3.117241379	741.2125	62.2	386	0
2039	5	17.41935484	2.783870968	1021.65	58.2	369.1546185	2786.847458
2039	6	22.79333333	8.34	1292.2	32	370.2086614	4779.405597
2039	7	25.86129032	11.07741936	1287.3	100.3	383.8424658	6699.893402
2039	8	26.36774194	12.26129032	1118.775	19.8	369.7642957	7647.460069
2039	9	19.63	7.576666667	770.175	33.5	381.3268156	8165.228094
2039	10	11.88	-0.11	531.7375	15.5	406.1944444	8847.228094
2039	11	2.45	-5.186666667	299.5125	19.2	386	0
2039	12	-1.148387097	-10.71935484	233.5375	18.8	386	0
2040	1	-8.883333333	-19.13	262.4125	15.9	386	0
2040	2	-1.371428571	-12.91071429	487.9	39	386	0
2040	3	2.903333333	-6.653333333	1012.025	75	386	0
2040	4	11.52	-1.303333333	741.2125	56	386	0
2040	5	16.41935484	3.7	1021.65	115.5	390.6875	5773.75
2040	6	22.12666667	9.043333333	1292.2	79.8	378.3208333	7339.098189
2040	7	24.60322581	11.23870968	1287.3	80.1	377.7826087	8217.17949
2040	8	21.39677419	9.012903226	1118.775	73.1	380.4428105	8989.17949
2040	9	23.08	9.163333333	770.175	81.1	380.4799406	9800.005838
2040	10	12.67096774	2.222580645	531.7375	104.6	372.9917355	9891.481247
2040	11	5.483333333	-3.633333333	299.5125	33.8	386	0
2040	12	-3.958064516	-13.21935484	233.5375	28	386	0
2041	1	-7.006451613	-16.20322581	262.4125	12.1	386	0
2041	2	-0.95	-12.08571429	487.9	18	386	0
2041	3	1.783870968	-11.23870968	1012.025	33.4	386	0
2041	4	14.49666667	0.24	741.2125	45.1	386	0
2041	5	16.70645161	4.793548387	1021.65	44.4	381.3647059	2246.198473
2041	6	26.51666667	13.32	1292.2	77.9	378.3819444	4470.198473
2041	7	28.14193548	13.40645161	1287.3	43.3	386.0188172	5499.198473
2041	8	25.61612903	12.53548387	1118.775	58.1	393.795424	6739.532705
2041	9	23.35333333	8.593333333	770.175	82	379.2694444	8745.232705
2041	10	14.31935484	3.396774194	531.7375	110.4	382.6458333	10026.56604
2041	11	4.286666667	-4.733333333	299.5125	60	386	0
2041	12	-4.590322581	-12.03548387	233.5375	16.1	386	0
2042	1	-0.741935484	-8.035483871	262.4125	19.3	386	0
2042	2	-4.428571429	-16.17142857	487.9	10.5	386	0
2042	3	3.358064516	-7.874193548	1012.025	45.8	386	0
2042	4	15.33	1.176666667	741.2125	14.6	386	0
2042	5	18.62580645	6.783870968	1021.65	171.6	381.755102	823.7142857
2042	6	24.82333333	9.306666667	1292.2	12.6	385.9284692	1514.154168
2042	7	29.67741936	13.63548387	1287.3	113.8	379.0652482	2445.159574
2042	8	24.85806452	11.66451613	1118.775	99.5	378.5577957	2631.739013
2042	9	18.22	5.72	770.175	67.3	382.0555556	5553.841286
2042	10	9.825806452	-0.983870968	531.7375	47.9	383.0074813	6231.21442
2042	11	5.09	-2.773333333	299.5125	40.4	386	0
2042	12	-0.687096774	-8.187096774	233.5375	51	386	0
2043	1	-4.287096774	-12.80967742	262.4125	4.9	386	0
2043	2	-7.692857143	-17.80357143	487.9	6.1	386	0
2043	3	5.412903226	-5.980645161	1012.025	37.1	386	0
2043	4	10.81	-1.336666667	741.2125	24.9	386	0
2043	5	21.00645161	6.503225807	1021.65	87.7	392.3719807	754.5283019
2043	6	25.69666667	11.05	1292.2	96.1	386.1319444	3742.528302
2043	7	26.40322581	12.97096774	1287.3	116.9	377.3902439	6389.324762
2043	8	25.23548387	12.43548387	1118.775	63.3	378.7997312	7996.324762
2043	9	21.13333333	9.596666667	770.175	100.9	387.9472222	10081.62054
2043	10	15.28387097	4.961290323	531.7375	131.5	386.5069444	10781.70387
2043	11	2.566666667	-5.38	299.5125	5.6	386	0
2043	12	-4.641935484	-13.83225806	233.5375	0	386	0
2044	1	-5.806451613	-15.28064516	262.4125	10.7	386	0
2044	2	-5.237931034	-17.29310345	487.9	15.7	386	0
2044	3	0.709677419	-11.11935484	1012.025	22.1	386	0
2044	4	10.24	-1.05	741.2125	67.8	386	0
2044	5	17.01612903	2.051612903	1021.65	83.2	390.3111111	2089.963636
2044	6	23.04333333	10.89333333	1292.2	91.9	389.1888889	4683.744555
2044	7	26.30645161	12.63870968	1287.3	93.4	396.1858887	6694.264786
2044	8	25.91935484	9.690322581	1118.775	37.8	424.3427419	7395.148883
2044	9	20.46333333	8.806666667	770.175	53.8	399.1876751	7702.543841
2044	10	12.40645161	1.480645161	531.7375	37	386	0
2044	11	3.063333333	-5.016666667	299.5125	21.6	386	0
2044	12	-6.427586207	-17.28965517	233.5375	13.4	386	0
2045	1	-8.993548387	-21.28064516	262.4125	9	386	0
2045	2	-2.7	-13.25	487.9	9.1	386	0
2045	3	3.261290323	-7.761290323	1012.025	28.5	386	0
2045	4	10.70333333	-1.006666667	741.2125	61.3	386	0
2045	5	18.26451613	4.84516129	1021.65	58.1	390.3111111	3689
2045	6	22.66333333	9.33	1292.2	39.1	389.1888889	6771.562674
2045	7	23.25806452	9.551612903	1287.3	48.9	396.1858887	7297.706321
2045	8	23.54516129	10.5	1118.775	96.2	424.3427419	8015.352097
2045	9	22.89333333	7.656666667	770.175	16.4	399.1876751	8946.225337
2045	10	8.225806452	0.661290323	531.7375	118.5	386	0
2045	11	8.4	-1.43	299.5125	11.1	386	0
2045	12	-4.838709677	-13.2483871	233.5375	4.5	386	0
2046	1	-5.296774194	-13.56774194	262.4125	4.1	386	0
2046	2	-1.932142857	-11.80357143	487.9	3	386	0
2046	3	10.04516129	-4.587096774	1012.025	11.7	386	0
2046	4	16.19333333	2.07	741.2125	39.7	386	0
2046	5	20.71612903	6.309677419	1021.65	34.2	410.4398148	1470.616822
2046	6	22.31333333	11.19333333	1292.2	167.8	417.049505	2640.114029
2046	7	26.61612903	14.9516129	1287.3	134.2	408.6440217	3325.539444
2046	8	26.62903226	14.57096774	1118.775	109.4	398.5921938	4023.415454
2046	9	18.09	5.496666667	770.175	192.2	396.9263889	4871.782121
2046	10	14.80967742	1.309677419	531.7375	49.5	401.0829268	4927.029646
2046	11	4.61	-4.81	299.5125	21.7	386	0
2046	12	-4.725806452	-12.42580645	233.5375	17.3	386	0
2047	1	-7.806451613	-16.24193548	262.4125	8.3	386	0
2047	2	-3.135714286	-12.95	487.9	1.7	386	0
2047	3	1.896774194	-9.819354839	1012.025	26.7	386	0
2047	4	8.89	-2.066666667	741.2125	58.4	386	0
2047	5	17.49032258	5.377419355	1021.65	114.2	404.2803532	1537.922078
2047	6	23.22333333	9.663333333	1292.2	96.2	415.25	2892.922078
2047	7	28.1	14.86129032	1287.3	60.2	397.5345061	3148.922078
2047	8	25.34193548	11.92258065	1118.775	64.4	392.5442478	4007.467533
2047	9	18.77333333	6.6	770.175	66.9	402.1972222	5730.579892
2047	10	14.81612903	3.351612903	531.7375	33.1	393.8741722	5751.246559
2047	11	5.356666667	-2.796666667	299.5125	44.1	386	0
2047	12	-1.64516129	-9.851612903	233.5375	41.2	386	0
2048	1	-2.703225806	-13.23870968	262.4125	33.8	386	0
2048	2	-0.110714286	-10.55714286	487.9	51.2	386	0
2048	3	11.53548387	0.587096774	1012.025	24.5	386	0
2048	4	12.44	-1.01	741.2125	49	386	0
2048	5	21.25806452	5.683870968	1021.65	123	390.3111111	2089.963636
2048	6	25.14333333	10.71333333	1292.2	94.9	389.1888889	4683.744555
2048	7	28.72903226	13.98709677	1287.3	151.6	396.1858887	6694.264786
2048	8	25.29032258	10.39354839	1118.775	37.8	424.3427419	7395.148883
2048	9	20.01333333	4.323333333	770.175	41.9	399.1876751	7702.543841
2048	10	11.20967742	0.477419355	531.7375	88.4	386	0
2048	11	4.306666667	-4.82	299.5125	35.9	386	0
2048	12	-1.535483871	-8.832258065	233.5375	22.4	386	0
2049	1	-4.703225806	-15.07419355	262.4125	30.3	386	0
2049	2	-4.35	-14.56785714	487.9	40.9	386	0
2049	3	-0.106451613	-10.96451613	1012.025	51.2	386	0
2049	4	6.763333333	-2.95	741.2125	117.5	386	0
2049	5	18.0483871	4.470967742	1021.65	99.1	390.3111111	3689
2049	6	21.90666667	9.503333333	1292.2	134.6	389.1888889	6771.562674
2049	7	25.30322581	12.80967742	1287.3	69.8	396.1858887	7297.706321
2049	8	24.83870968	10.60967742	1118.775	139	424.3427419	8015.352097
2049	9	20.90666667	6.386666667	770.175	53.9	399.1876751	8946.225337
2049	10	11.73548387	1.387096774	531.7375	105.6	386	0
2049	11	1.623333333	-6.776666667	299.5125	53.7	386	0
2049	12	-8.580645161	-18.50645161	233.5375	42.5	386	0
2050	1	-11.07419355	-21.72258065	262.4125	35.2	386	0
2050	2	-9.132142857	-21.425	487.9	31.5	386	0
2050	3	-1.448387097	-13.6	1012.025	19.6	386	0
2050	4	7.423333333	-4.26	741.2125	123.3	386	0
2050	5	18.55483871	4.783870968	1021.65	73.2	410.4398148	1470.616822
2050	6	23.57	11.67	1292.2	171	417.049505	2640.114029
2050	7	23.10322581	10.63548387	1287.3	101.5	408.6440217	3325.539444
2050	8	23.53548387	11.14193548	1118.775	117.6	398.5921938	4023.415454
2050	9	19.17333333	5.58	770.175	162.1	396.9263889	4871.782121
2050	10	10.73225807	1.129032258	531.7375	87.4	401.0829268	4927.029646
2050	11	-2.036666667	-10.44	299.5125	84.5	386	0
2050	12	-3.451612903	-11.31935484	233.5375	51.4	386	0
2051	1	-7.187096774	-15.72258065	262.4125	17.5	386	0
2051	2	-9.914285714	-22.1	487.9	5.3	386	0
2051	3	4.116129032	-8.106451613	1012.025	19.7	386	0
2051	4	12.33666667	-1.19	741.2125	82.5	386	0
2051	5	19.5516129	5.629032258	1021.65	93.6	404.2803532	1537.922078
2051	6	22.59	9.016666667	1292.2	90.6	415.25	2892.922078
2051	7	26.32903226	11.70645161	1287.3	77.7	397.5345061	3148.922078
2051	8	23.22903226	12.13548387	1118.775	87.9	392.5442478	4007.467533
2051	9	22.75333333	10.82333333	770.175	70.1	402.1972222	5730.579892
2051	10	13.16774194	2.164516129	531.7375	90.8	393.8741722	5751.246559
2051	11	7.8	-2.66	299.5125	61	386	0
2051	12	1.129032258	-4.329032258	233.5375	100.8	386	0
2052	1	-5.232258065	-13.68064516	262.4125	19.4	386	0
2052	2	-2.2	-11.3862069	487.9	24.9	386	0
2052	3	6.583870968	-3.832258065	1012.025	93.1	386	0
2052	4	10.32	-1.146666667	741.2125	70.7	386	0
2052	5	19.87096774	4.822580645	1021.65	73.7	367.7732558	2769.742574
2052	6	24.19666667	10.70666667	1292.2	178.3	362.8832	3279.742574
2052	7	26.39677419	13.42903226	1287.3	97.2	367.9237171	3589.575458
2052	8	25.66774194	13.66774194	1118.775	143.8	372.594086	5686.763469
2052	9	21.26333333	9.7	770.175	142.9	364.9702128	7723.463469
2052	10	14.72258065	3.219354839	531.7375	143.3	386	8167.796803
2052	11	9.73	-0.88	299.5125	50.4	386	0
2052	12	-4.05483871	-11.32580645	233.5375	52.7	386	0
2053	1	-7.651612903	-17.6	262.4125	32.1	386	0
2053	2	-0.7875	-12.81666667	487.9	39.6	386	0
2053	3	5.007407407	-7.251851852	1012.025	5.1	386	0
2053	4	13.44333333	-0.066666667	741.2125	41.4	386	0
2053	5	19.6516129	5.75483871	1021.65	211.2	369.8970976	3132.476191
2053	6	23.21785714	10.05357143	1292.2	68.5	365.6346968	5634.476191
2053	7	27.09032258	14.06129032	1287.3	132.3	363.5201613	6907.659289
2053	8	23.36774194	10.57096774	1118.775	79.2	366.4814815	7777.815811
2053	9	19.08	5.226666667	770.175	39.9	357.5423977	9436.271142
2053	10	11.56774194	-0.467741935	531.7375	42.4	386	0
2053	11	7.8	-3.63	299.5125	37.2	386	0
2053	12	-2.209677419	-12.12903226	233.5375	12	386	0
2054	1	-5.477419355	-18.13548387	262.4125	25.2	386	0
2054	2	0.134482759	-13.02758621	487.9	25.3	386	0
2054	3	7.55483871	-4.419354839	1012.025	27.4	386	0
2054	4	10.24333333	-2.786666667	741.2125	39.4	386	0
2054	5	19.22903226	4.925806452	1021.65	27.4	369.1546185	2334.551351
2054	6	21.56333333	8.686666667	1292.2	86.1	370.2086614	3400.525377
2054	7	23.97419355	11.66451613	1287.3	196	383.8424658	4176.442537
2054	8	24.26774194	10.87419355	1118.775	43.8	369.7642957	5097.910427
2054	9	18.70666667	5.983333333	770.175	50.2	381.3268156	5975.148249
2054	10	14.10666667	1.466666667	531.7375	20.4	406.1944444	0
2054	11	1.589655172	-5	299.5125	36.1	386	0
2054	12	-8.846666667	-19.97666667	233.5375	2.8	386	0
2055	1	-2.790322581	-13.17419355	262.4125	6.6	386	0
2055	2	-5.892857143	-17.02857143	487.9	8.9	386	0
2055	3	1.567741936	-9.012903226	1012.025	3.1	386	0
2055	4	12.96	0.503333333	741.2125	62.3	386	0
2055	5	18.96129032	5.835483871	1021.65	64.3	390.6875	2769.742574
2055	6	23.08666667	10.74666667	1292.2	72.8	378.3208333	3279.742574
2055	7	26.18709677	12.16774194	1287.3	95.2	377.7826087	3589.575458
2055	8	25.57419355	12.03870968	1118.775	76.1	380.4428105	5686.763469
2055	9	18.44666667	6.22	770.175	166.7	380.4799406	7723.463469
2055	10	11.75806452	0.196774194	531.7375	59.8	372.9917355	8167.796803
2055	11	9.03	-0.833333333	299.5125	30.6	386	0
2055	12	-0.480645161	-8.835483871	233.5375	32.1	386	0
2056	1	-1.558064516	-10.5483871	262.4125	1.8	386	0
2056	2	-0.125	-10.95714286	487.9	12.5	386	0
2056	3	-1.674193548	-13.00322581	1012.025	34.2	386	0
2056	4	9.151724138	-2.555172414	741.2125	152.6	386	0
2056	5	15.08387097	2.009677419	1021.65	41.9	367.7732558	3132.476191
2056	6	23.16666667	11.77333333	1292.2	58.2	362.8832	5634.476191
2056	7	27.54	14.25666667	1287.3	121.9	367.9237171	6907.659289
2056	8	24.28709677	11.49677419	1118.775	62	372.594086	7777.815811
2056	9	20.12666667	8.763333333	770.175	110.9	364.9702128	9436.271142
2056	10	7.683870968	-1.825806452	531.7375	54	386	0
2056	11	1.853333333	-7.17	299.5125	2.6	386	0
2056	12	-1.716129032	-10.50645161	233.5375	5.3	386	0
2057	1	-7.141935484	-17.6	262.4125	0.6	386	0
2057	2	-6.192857143	-19.52142857	487.9	7.7	386	0
2057	3	2.277419355	-10.21935484	1012.025	22.1	386	0
2057	4	10.43103448	-3.117241379	741.2125	62.2	386	0
2057	5	17.41935484	2.783870968	1021.65	58.2	369.8970976	2334.551351
2057	6	22.79333333	8.34	1292.2	32	365.6346968	3400.525377
2057	7	25.86129032	11.07741936	1287.3	100.3	363.5201613	4176.442537
2057	8	26.36774194	12.26129032	1118.775	19.8	366.4814815	5097.910427
2057	9	19.63	7.576666667	770.175	33.5	357.5423977	5975.148249
2057	10	11.88	-0.11	531.7375	15.5	386	0
2057	11	2.45	-5.186666667	299.5125	19.2	386	0
2057	12	-1.148387097	-10.71935484	233.5375	18.8	386	0
2058	1	-8.883333333	-19.13	262.4125	15.9	386	0
2058	2	-1.371428571	-12.91071429	487.9	39	386	0
2058	3	2.903333333	-6.653333333	1012.025	75	386	0
2058	4	11.52	-1.303333333	741.2125	56	386	0
2058	5	16.41935484	3.7	1021.65	115.5	369.1546185	2786.847458
2058	6	22.12666667	9.043333333	1292.2	79.8	370.2086614	4779.405597
2058	7	24.60322581	11.23870968	1287.3	80.1	383.8424658	6699.893402
2058	8	21.39677419	9.012903226	1118.775	73.1	369.7642957	7647.460069
2058	9	23.08	9.163333333	770.175	81.1	381.3268156	8165.228094
2058	10	12.67096774	2.222580645	531.7375	104.6	406.1944444	8847.228094
2058	11	5.483333333	-3.633333333	299.5125	33.8	386	0
2058	12	-3.958064516	-13.21935484	233.5375	28	386	0
2059	1	-7.006451613	-16.20322581	262.4125	12.1	386	0
2059	2	-0.95	-12.08571429	487.9	18	386	0
2059	3	1.783870968	-11.23870968	1012.025	33.4	386	0
2059	4	14.49666667	0.24	741.2125	45.1	386	0
2059	5	16.70645161	4.793548387	1021.65	44.4	390.6875	5773.75
2059	6	26.51666667	13.32	1292.2	77.9	378.3208333	7339.098189
2059	7	28.14193548	13.40645161	1287.3	43.3	377.7826087	8217.17949
2059	8	25.61612903	12.53548387	1118.775	58.1	380.4428105	8989.17949
2059	9	23.35333333	8.593333333	770.175	82	380.4799406	9800.005838
2059	10	14.31935484	3.396774194	531.7375	110.4	372.9917355	9891.481247
2059	11	4.286666667	-4.733333333	299.5125	60	386	0
2059	12	-4.590322581	-12.03548387	233.5375	16.1	386	0
2060	1	-0.741935484	-8.035483871	262.4125	19.3	386	0
2060	2	-4.428571429	-16.17142857	487.9	10.5	386	0
2060	3	3.358064516	-7.874193548	1012.025	45.8	386	0
2060	4	15.33	1.176666667	741.2125	14.6	386	0
2060	5	18.62580645	6.783870968	1021.65	171.6	381.3647059	2246.198473
2060	6	24.82333333	9.306666667	1292.2	12.6	378.3819444	4470.198473
2060	7	29.67741936	13.63548387	1287.3	113.8	386.0188172	5499.198473
2060	8	24.85806452	11.66451613	1118.775	99.5	393.795424	6739.532705
2060	9	18.22	5.72	770.175	67.3	379.2694444	8745.232705
2060	10	9.825806452	-0.983870968	531.7375	47.9	382.6458333	10026.56604
2060	11	5.09	-2.773333333	299.5125	40.4	386	0
2060	12	-0.687096774	-8.187096774	233.5375	51	386	0
2061	1	-4.287096774	-12.80967742	262.4125	4.9	386	0
2061	2	-7.692857143	-17.80357143	487.9	6.1	386	0
2061	3	5.412903226	-5.980645161	1012.025	37.1	386	0
2061	4	10.81	-1.336666667	741.2125	24.9	386	0
2061	5	21.00645161	6.503225807	1021.65	87.7	381.755102	823.7142857
2061	6	25.69666667	11.05	1292.2	96.1	385.9284692	1514.154168
2061	7	26.40322581	12.97096774	1287.3	116.9	379.0652482	2445.159574
2061	8	25.23548387	12.43548387	1118.775	63.3	378.5577957	2631.739013
2061	9	21.13333333	9.596666667	770.175	100.9	382.0555556	5553.841286
2061	10	15.28387097	4.961290323	531.7375	131.5	383.0074813	6231.21442
2061	11	2.566666667	-5.38	299.5125	5.6	386	0
2061	12	-4.641935484	-13.83225806	233.5375	0	386	0
2062	1	-5.806451613	-15.28064516	262.4125	10.7	386	0
2062	2	-5.237931034	-17.29310345	487.9	15.7	386	0
2062	3	0.709677419	-11.11935484	1012.025	22.1	386	0
2062	4	10.24	-1.05	741.2125	67.8	386	0
2062	5	17.01612903	2.051612903	1021.65	83.2	392.3719807	754.5283019
2062	6	23.04333333	10.89333333	1292.2	91.9	386.1319444	3742.528302
2062	7	26.30645161	12.63870968	1287.3	93.4	377.3902439	6389.324762
2062	8	25.91935484	9.690322581	1118.775	37.8	378.7997312	7996.324762
2062	9	20.46333333	8.806666667	770.175	53.8	387.9472222	10081.62054
2062	10	12.40645161	1.480645161	531.7375	37	386.5069444	10781.70387
2062	11	3.063333333	-5.016666667	299.5125	21.6	386	0
2062	12	-6.427586207	-17.28965517	233.5375	13.4	386	0
2063	1	-8.993548387	-21.28064516	262.4125	9	386	0
2063	2	-2.7	-13.25	487.9	9.1	386	0
2063	3	3.261290323	-7.761290323	1012.025	28.5	386	0
2063	4	10.70333333	-1.006666667	741.2125	61.3	386	0
2063	5	18.26451613	4.84516129	1021.65	58.1	390.3111111	2089.963636
2063	6	22.66333333	9.33	1292.2	39.1	389.1888889	4683.744555
2063	7	23.25806452	9.551612903	1287.3	48.9	396.1858887	6694.264786
2063	8	23.54516129	10.5	1118.775	96.2	424.3427419	7395.148883
2063	9	22.89333333	7.656666667	770.175	16.4	399.1876751	7702.543841
2063	10	8.225806452	0.661290323	531.7375	118.5	386	0
2063	11	8.4	-1.43	299.5125	11.1	386	0
2063	12	-4.838709677	-13.2483871	233.5375	4.5	386	0
2064	1	-5.296774194	-13.56774194	262.4125	4.1	386	0
2064	2	-1.932142857	-11.80357143	487.9	3	386	0
2064	3	10.04516129	-4.587096774	1012.025	11.7	386	0
2064	4	16.19333333	2.07	741.2125	39.7	386	0
2064	5	20.71612903	6.309677419	1021.65	34.2	390.3111111	3689
2064	6	22.31333333	11.19333333	1292.2	167.8	389.1888889	6771.562674
2064	7	26.61612903	14.9516129	1287.3	134.2	396.1858887	7297.706321
2064	8	26.62903226	14.57096774	1118.775	109.4	424.3427419	8015.352097
2064	9	18.09	5.496666667	770.175	192.2	399.1876751	8946.225337
2064	10	14.80967742	1.309677419	531.7375	49.5	386	0
2064	11	4.61	-4.81	299.5125	21.7	386	0
2064	12	-4.725806452	-12.42580645	233.5375	17.3	386	0
2065	1	-7.806451613	-16.24193548	262.4125	8.3	386	0
2065	2	-3.135714286	-12.95	487.9	1.7	386	0
2065	3	1.896774194	-9.819354839	1012.025	26.7	386	0
2065	4	8.89	-2.066666667	741.2125	58.4	386	0
2065	5	17.49032258	5.377419355	1021.65	114.2	410.4398148	1470.616822
2065	6	23.22333333	9.663333333	1292.2	96.2	417.049505	2640.114029
2065	7	28.1	14.86129032	1287.3	60.2	408.6440217	3325.539444
2065	8	25.34193548	11.92258065	1118.775	64.4	398.5921938	4023.415454
2065	9	18.77333333	6.6	770.175	66.9	396.9263889	4871.782121
2065	10	14.81612903	3.351612903	531.7375	33.1	401.0829268	4927.029646
2065	11	5.356666667	-2.796666667	299.5125	44.1	386	0
2065	12	-1.64516129	-9.851612903	233.5375	41.2	386	0
2066	1	-2.703225806	-13.23870968	262.4125	33.8	386	0
2066	2	-0.110714286	-10.55714286	487.9	51.2	386	0
2066	3	11.53548387	0.587096774	1012.025	24.5	386	0
2066	4	12.44	-1.01	741.2125	49	386	0
2066	5	21.25806452	5.683870968	1021.65	123	404.2803532	1537.922078
2066	6	25.14333333	10.71333333	1292.2	94.9	415.25	2892.922078
2066	7	28.72903226	13.98709677	1287.3	151.6	397.5345061	3148.922078
2066	8	25.29032258	10.39354839	1118.775	37.8	392.5442478	4007.467533
2066	9	20.01333333	4.323333333	770.175	41.9	402.1972222	5730.579892
2066	10	11.20967742	0.477419355	531.7375	88.4	393.8741722	5751.246559
2066	11	4.306666667	-4.82	299.5125	35.9	386	0
2066	12	-1.535483871	-8.832258065	233.5375	22.4	386	0
2067	1	-4.703225806	-15.07419355	262.4125	30.3	386	0
2067	2	-4.35	-14.56785714	487.9	40.9	386	0
2067	3	-0.106451613	-10.96451613	1012.025	51.2	386	0
2067	4	6.763333333	-2.95	741.2125	117.5	386	0
2067	5	18.0483871	4.470967742	1021.65	99.1	390.3111111	2089.963636
2067	6	21.90666667	9.503333333	1292.2	134.6	389.1888889	4683.744555
2067	7	25.30322581	12.80967742	1287.3	69.8	396.1858887	6694.264786
2067	8	24.83870968	10.60967742	1118.775	139	424.3427419	7395.148883
2067	9	20.90666667	6.386666667	770.175	53.9	399.1876751	7702.543841
2067	10	11.73548387	1.387096774	531.7375	105.6	386	0
2067	11	1.623333333	-6.776666667	299.5125	53.7	386	0
2067	12	-8.580645161	-18.50645161	233.5375	42.5	386	0
2068	1	-11.07419355	-21.72258065	262.4125	35.2	386	0
2068	2	-9.132142857	-21.425	487.9	31.5	386	0
2068	3	-1.448387097	-13.6	1012.025	19.6	386	0
2068	4	7.423333333	-4.26	741.2125	123.3	386	0
2068	5	18.55483871	4.783870968	1021.65	73.2	390.3111111	3689
2068	6	23.57	11.67	1292.2	171	389.1888889	6771.562674
2068	7	23.10322581	10.63548387	1287.3	101.5	396.1858887	7297.706321
2068	8	23.53548387	11.14193548	1118.775	117.6	424.3427419	8015.352097
2068	9	19.17333333	5.58	770.175	162.1	399.1876751	8946.225337
2068	10	10.73225807	1.129032258	531.7375	87.4	386	0
2068	11	-2.036666667	-10.44	299.5125	84.5	386	0
2068	12	-3.451612903	-11.31935484	233.5375	51.4	386	0
2069	1	-7.187096774	-15.72258065	262.4125	17.5	386	0
2069	2	-9.914285714	-22.1	487.9	5.3	386	0
2069	3	4.116129032	-8.106451613	1012.025	19.7	386	0
2069	4	12.33666667	-1.19	741.2125	82.5	386	0
2069	5	19.5516129	5.629032258	1021.65	93.6	410.4398148	1470.616822
2069	6	22.59	9.016666667	1292.2	90.6	417.049505	2640.114029
2069	7	26.32903226	11.70645161	1287.3	77.7	408.6440217	3325.539444
2069	8	23.22903226	12.13548387	1118.775	87.9	398.5921938	4023.415454
2069	9	22.75333333	10.82333333	770.175	70.1	396.9263889	4871.782121
2069	10	13.16774194	2.164516129	531.7375	90.8	401.0829268	4927.029646
2069	11	7.8	-2.66	299.5125	61	386	0
2069	12	1.129032258	-4.329032258	233.5375	100.8	386	0
2070	1	-5.232258065	-13.68064516	262.4125	19.4	386	0
2070	2	-2.2	-11.3862069	487.9	24.9	386	0
2070	3	6.583870968	-3.832258065	1012.025	93.1	386	0
2070	4	10.32	-1.146666667	741.2125	70.7	386	0
2070	5	19.87096774	4.822580645	1021.65	73.7	404.2803532	1537.922078
2070	6	24.19666667	10.70666667	1292.2	178.3	415.25	2892.922078
2070	7	26.39677419	13.42903226	1287.3	97.2	397.5345061	3148.922078
2070	8	25.66774194	13.66774194	1118.775	143.8	392.5442478	4007.467533
2070	9	21.26333333	9.7	770.175	142.9	402.1972222	5730.579892
2070	10	14.72258065	3.219354839	531.7375	143.3	393.8741722	5751.246559
2070	11	9.73	-0.88	299.5125	50.4	386	0
2070	12	-4.05483871	-11.32580645	233.5375	52.7	386	0
2071	1	-7.651612903	-17.6	262.4125	32.1	386	0
2071	2	-0.7875	-12.81666667	487.9	39.6	386	0
2071	3	5.007407407	-7.251851852	1012.025	5.1	386	0
2071	4	13.44333333	-0.066666667	741.2125	41.4	386	0
2071	5	19.6516129	5.75483871	1021.65	211.2	367.7732558	2769.742574
2071	6	23.21785714	10.05357143	1292.2	68.5	362.8832	3279.742574
2071	7	27.09032258	14.06129032	1287.3	132.3	367.9237171	3589.575458
2071	8	23.36774194	10.57096774	1118.775	79.2	372.594086	5686.763469
2071	9	19.08	5.226666667	770.175	39.9	364.9702128	7723.463469
2071	10	11.56774194	-0.467741935	531.7375	42.4	386	8167.796803
2071	11	7.8	-3.63	299.5125	37.2	386	0
2071	12	-2.209677419	-12.12903226	233.5375	12	386	0
2072	1	-5.477419355	-18.13548387	262.4125	25.2	386	0
2072	2	0.134482759	-13.02758621	487.9	25.3	386	0
2072	3	7.55483871	-4.419354839	1012.025	27.4	386	0
2072	4	10.24333333	-2.786666667	741.2125	39.4	386	0
2072	5	19.22903226	4.925806452	1021.65	27.4	369.8970976	3132.476191
2072	6	21.56333333	8.686666667	1292.2	86.1	365.6346968	5634.476191
2072	7	23.97419355	11.66451613	1287.3	196	363.5201613	6907.659289
2072	8	24.26774194	10.87419355	1118.775	43.8	366.4814815	7777.815811
2072	9	18.70666667	5.983333333	770.175	50.2	357.5423977	9436.271142
2072	10	14.10666667	1.466666667	531.7375	20.4	386	0
2072	11	1.589655172	-5	299.5125	36.1	386	0
2072	12	-8.846666667	-19.97666667	233.5375	2.8	386	0
2073	1	-2.790322581	-13.17419355	262.4125	6.6	386	0
2073	2	-5.892857143	-17.02857143	487.9	8.9	386	0
2073	3	1.567741936	-9.012903226	1012.025	3.1	386	0
2073	4	12.96	0.503333333	741.2125	62.3	386	0
2073	5	18.96129032	5.835483871	1021.65	64.3	369.1546185	2334.551351
2073	6	23.08666667	10.74666667	1292.2	72.8	370.2086614	3400.525377
2073	7	26.18709677	12.16774194	1287.3	95.2	383.8424658	4176.442537
2073	8	25.57419355	12.03870968	1118.775	76.1	369.7642957	5097.910427
2073	9	18.44666667	6.22	770.175	166.7	381.3268156	5975.148249
2073	10	11.75806452	0.196774194	531.7375	59.8	406.1944444	0
2073	11	9.03	-0.833333333	299.5125	30.6	386	0
2073	12	-0.480645161	-8.835483871	233.5375	32.1	386	0
2074	1	-1.558064516	-10.5483871	262.4125	1.8	386	0
2074	2	-0.125	-10.95714286	487.9	12.5	386	0
2074	3	-1.674193548	-13.00322581	1012.025	34.2	386	0
2074	4	9.151724138	-2.555172414	741.2125	152.6	386	0
2074	5	15.08387097	2.009677419	1021.65	41.9	390.6875	2769.742574
2074	6	23.16666667	11.77333333	1292.2	58.2	378.3208333	3279.742574
2074	7	27.54	14.25666667	1287.3	121.9	377.7826087	3589.575458
2074	8	24.28709677	11.49677419	1118.775	62	380.4428105	5686.763469
2074	9	20.12666667	8.763333333	770.175	110.9	380.4799406	7723.463469
2074	10	7.683870968	-1.825806452	531.7375	54	372.9917355	8167.796803
2074	11	1.853333333	-7.17	299.5125	2.6	386	0
2074	12	-1.716129032	-10.50645161	233.5375	5.3	386	0
2075	1	-7.141935484	-17.6	262.4125	0.6	386	0
2075	2	-6.192857143	-19.52142857	487.9	7.7	386	0
2075	3	2.277419355	-10.21935484	1012.025	22.1	386	0
2075	4	10.43103448	-3.117241379	741.2125	62.2	386	0
2075	5	17.41935484	2.783870968	1021.65	58.2	367.7732558	3132.476191
2075	6	22.79333333	8.34	1292.2	32	362.8832	5634.476191
2075	7	25.86129032	11.07741936	1287.3	100.3	367.9237171	6907.659289
2075	8	26.36774194	12.26129032	1118.775	19.8	372.594086	7777.815811
2075	9	19.63	7.576666667	770.175	33.5	364.9702128	9436.271142
2075	10	11.88	-0.11	531.7375	15.5	386	0
2075	11	2.45	-5.186666667	299.5125	19.2	386	0
2075	12	-1.148387097	-10.71935484	233.5375	18.8	386	0
2076	1	-8.883333333	-19.13	262.4125	15.9	386	0
2076	2	-1.371428571	-12.91071429	487.9	39	386	0
2076	3	2.903333333	-6.653333333	1012.025	75	386	0
2076	4	11.52	-1.303333333	741.2125	56	386	0
2076	5	16.41935484	3.7	1021.65	115.5	369.8970976	2334.551351
2076	6	22.12666667	9.043333333	1292.2	79.8	365.6346968	3400.525377
2076	7	24.60322581	11.23870968	1287.3	80.1	363.5201613	4176.442537
2076	8	21.39677419	9.012903226	1118.775	73.1	366.4814815	5097.910427
2076	9	23.08	9.163333333	770.175	81.1	357.5423977	5975.148249
2076	10	12.67096774	2.222580645	531.7375	104.6	386	0
2076	11	5.483333333	-3.633333333	299.5125	33.8	386	0
2076	12	-3.958064516	-13.21935484	233.5375	28	386	0
2077	1	-7.006451613	-16.20322581	262.4125	12.1	386	0
2077	2	-0.95	-12.08571429	487.9	18	386	0
2077	3	1.783870968	-11.23870968	1012.025	33.4	386	0
2077	4	14.49666667	0.24	741.2125	45.1	386	0
2077	5	16.70645161	4.793548387	1021.65	44.4	369.1546185	2786.847458
2077	6	26.51666667	13.32	1292.2	77.9	370.2086614	4779.405597
2077	7	28.14193548	13.40645161	1287.3	43.3	383.8424658	6699.893402
2077	8	25.61612903	12.53548387	1118.775	58.1	369.7642957	7647.460069
2077	9	23.35333333	8.593333333	770.175	82	381.3268156	8165.228094
2077	10	14.31935484	3.396774194	531.7375	110.4	406.1944444	8847.228094
2077	11	4.286666667	-4.733333333	299.5125	60	386	0
2077	12	-4.590322581	-12.03548387	233.5375	16.1	386	0
2078	1	-0.741935484	-8.035483871	262.4125	19.3	386	0
2078	2	-4.428571429	-16.17142857	487.9	10.5	386	0
2078	3	3.358064516	-7.874193548	1012.025	45.8	386	0
2078	4	15.33	1.176666667	741.2125	14.6	386	0
2078	5	18.62580645	6.783870968	1021.65	171.6	390.6875	5773.75
2078	6	24.82333333	9.306666667	1292.2	12.6	378.3208333	7339.098189
2078	7	29.67741936	13.63548387	1287.3	113.8	377.7826087	8217.17949
2078	8	24.85806452	11.66451613	1118.775	99.5	380.4428105	8989.17949
2078	9	18.22	5.72	770.175	67.3	380.4799406	9800.005838
2078	10	9.825806452	-0.983870968	531.7375	47.9	372.9917355	9891.481247
2078	11	5.09	-2.773333333	299.5125	40.4	386	0
2078	12	-0.687096774	-8.187096774	233.5375	51	386	0
2079	1	-4.287096774	-12.80967742	262.4125	4.9	386	0
2079	2	-7.692857143	-17.80357143	487.9	6.1	386	0
2079	3	5.412903226	-5.980645161	1012.025	37.1	386	0
2079	4	10.81	-1.336666667	741.2125	24.9	386	0
2079	5	21.00645161	6.503225807	1021.65	87.7	381.3647059	2246.198473
2079	6	25.69666667	11.05	1292.2	96.1	378.3819444	4470.198473
2079	7	26.40322581	12.97096774	1287.3	116.9	386.0188172	5499.198473
2079	8	25.23548387	12.43548387	1118.775	63.3	393.795424	6739.532705
2079	9	21.13333333	9.596666667	770.175	100.9	379.2694444	8745.232705
2079	10	15.28387097	4.961290323	531.7375	131.5	382.6458333	10026.56604
2079	11	2.566666667	-5.38	299.5125	5.6	386	0
2079	12	-4.641935484	-13.83225806	233.5375	0	386	0
2080	1	-5.806451613	-15.28064516	262.4125	10.7	386	0
2080	2	-5.237931034	-17.29310345	487.9	15.7	386	0
2080	3	0.709677419	-11.11935484	1012.025	22.1	386	0
2080	4	10.24	-1.05	741.2125	67.8	386	0
2080	5	17.01612903	2.051612903	1021.65	83.2	381.755102	823.7142857
2080	6	23.04333333	10.89333333	1292.2	91.9	385.9284692	1514.154168
2080	7	26.30645161	12.63870968	1287.3	93.4	379.0652482	2445.159574
2080	8	25.91935484	9.690322581	1118.775	37.8	378.5577957	2631.739013
2080	9	20.46333333	8.806666667	770.175	53.8	382.0555556	5553.841286
2080	10	12.40645161	1.480645161	531.7375	37	383.0074813	6231.21442
2080	11	3.063333333	-5.016666667	299.5125	21.6	386	0
2080	12	-6.427586207	-17.28965517	233.5375	13.4	386	0
2081	1	-8.993548387	-21.28064516	262.4125	9	386	0
2081	2	-2.7	-13.25	487.9	9.1	386	0
2081	3	3.261290323	-7.761290323	1012.025	28.5	386	0
2081	4	10.70333333	-1.006666667	741.2125	61.3	386	0
2081	5	18.26451613	4.84516129	1021.65	58.1	392.3719807	754.5283019
2081	6	22.66333333	9.33	1292.2	39.1	386.1319444	3742.528302
2081	7	23.25806452	9.551612903	1287.3	48.9	377.3902439	6389.324762
2081	8	23.54516129	10.5	1118.775	96.2	378.7997312	7996.324762
2081	9	22.89333333	7.656666667	770.175	16.4	387.9472222	10081.62054
2081	10	8.225806452	0.661290323	531.7375	118.5	386.5069444	10781.70387
2081	11	8.4	-1.43	299.5125	11.1	386	0
2081	12	-4.838709677	-13.2483871	233.5375	4.5	386	0
2082	1	-5.296774194	-13.56774194	262.4125	4.1	386	0
2082	2	-1.932142857	-11.80357143	487.9	3	386	0
2082	3	10.04516129	-4.587096774	1012.025	11.7	386	0
2082	4	16.19333333	2.07	741.2125	39.7	386	0
2082	5	20.71612903	6.309677419	1021.65	34.2	390.3111111	2089.963636
2082	6	22.31333333	11.19333333	1292.2	167.8	389.1888889	4683.744555
2082	7	26.61612903	14.9516129	1287.3	134.2	396.1858887	6694.264786
2082	8	26.62903226	14.57096774	1118.775	109.4	424.3427419	7395.148883
2082	9	18.09	5.496666667	770.175	192.2	399.1876751	7702.543841
2082	10	14.80967742	1.309677419	531.7375	49.5	386	0
2082	11	4.61	-4.81	299.5125	21.7	386	0
2082	12	-4.725806452	-12.42580645	233.5375	17.3	386	0
2083	1	-7.806451613	-16.24193548	262.4125	8.3	386	0
2083	2	-3.135714286	-12.95	487.9	1.7	386	0
2083	3	1.896774194	-9.819354839	1012.025	26.7	386	0
2083	4	8.89	-2.066666667	741.2125	58.4	386	0
2083	5	17.49032258	5.377419355	1021.65	114.2	390.3111111	3689
2083	6	23.22333333	9.663333333	1292.2	96.2	389.1888889	6771.562674
2083	7	28.1	14.86129032	1287.3	60.2	396.1858887	7297.706321
2083	8	25.34193548	11.92258065	1118.775	64.4	424.3427419	8015.352097
2083	9	18.77333333	6.6	770.175	66.9	399.1876751	8946.225337
2083	10	14.81612903	3.351612903	531.7375	33.1	386	0
2083	11	5.356666667	-2.796666667	299.5125	44.1	386	0
2083	12	-1.64516129	-9.851612903	233.5375	41.2	386	0
2084	1	-2.703225806	-13.23870968	262.4125	33.8	386	0
2084	2	-0.110714286	-10.55714286	487.9	51.2	386	0
2084	3	11.53548387	0.587096774	1012.025	24.5	386	0
2084	4	12.44	-1.01	741.2125	49	386	0
2084	5	21.25806452	5.683870968	1021.65	123	410.4398148	1470.616822
2084	6	25.14333333	10.71333333	1292.2	94.9	417.049505	2640.114029
2084	7	28.72903226	13.98709677	1287.3	151.6	408.6440217	3325.539444
2084	8	25.29032258	10.39354839	1118.775	37.8	398.5921938	4023.415454
2084	9	20.01333333	4.323333333	770.175	41.9	396.9263889	4871.782121
2084	10	11.20967742	0.477419355	531.7375	88.4	401.0829268	4927.029646
2084	11	4.306666667	-4.82	299.5125	35.9	386	0
2084	12	-1.535483871	-8.832258065	233.5375	22.4	386	0
2085	1	-4.703225806	-15.07419355	262.4125	30.3	386	0
2085	2	-4.35	-14.56785714	487.9	40.9	386	0
2085	3	-0.106451613	-10.96451613	1012.025	51.2	386	0
2085	4	6.763333333	-2.95	741.2125	117.5	386	0
2085	5	18.0483871	4.470967742	1021.65	99.1	404.2803532	1537.922078
2085	6	21.90666667	9.503333333	1292.2	134.6	415.25	2892.922078
2085	7	25.30322581	12.80967742	1287.3	69.8	397.5345061	3148.922078
2085	8	24.83870968	10.60967742	1118.775	139	392.5442478	4007.467533
2085	9	20.90666667	6.386666667	770.175	53.9	402.1972222	5730.579892
2085	10	11.73548387	1.387096774	531.7375	105.6	393.8741722	5751.246559
2085	11	1.623333333	-6.776666667	299.5125	53.7	386	0
2085	12	-8.580645161	-18.50645161	233.5375	42.5	386	0
2086	1	-11.07419355	-21.72258065	262.4125	35.2	386	0
2086	2	-9.132142857	-21.425	487.9	31.5	386	0
2086	3	-1.448387097	-13.6	1012.025	19.6	386	0
2086	4	7.423333333	-4.26	741.2125	123.3	386	0
2086	5	18.55483871	4.783870968	1021.65	73.2	390.3111111	2089.963636
2086	6	23.57	11.67	1292.2	171	389.1888889	4683.744555
2086	7	23.10322581	10.63548387	1287.3	101.5	396.1858887	6694.264786
2086	8	23.53548387	11.14193548	1118.775	117.6	424.3427419	7395.148883
2086	9	19.17333333	5.58	770.175	162.1	399.1876751	7702.543841
2086	10	10.73225807	1.129032258	531.7375	87.4	386	0
2086	11	-2.036666667	-10.44	299.5125	84.5	386	0
2086	12	-3.451612903	-11.31935484	233.5375	51.4	386	0
2087	1	-7.187096774	-15.72258065	262.4125	17.5	386	0
2087	2	-9.914285714	-22.1	487.9	5.3	386	0
2087	3	4.116129032	-8.106451613	1012.025	19.7	386	0
2087	4	12.33666667	-1.19	741.2125	82.5	386	0
2087	5	19.5516129	5.629032258	1021.65	93.6	390.3111111	3689
2087	6	22.59	9.016666667	1292.2	90.6	389.1888889	6771.562674
2087	7	26.32903226	11.70645161	1287.3	77.7	396.1858887	7297.706321
2087	8	23.22903226	12.13548387	1118.775	87.9	424.3427419	8015.352097
2087	9	22.75333333	10.82333333	770.175	70.1	399.1876751	8946.225337
2087	10	13.16774194	2.164516129	531.7375	90.8	386	0
2087	11	7.8	-2.66	299.5125	61	386	0
2087	12	1.129032258	-4.329032258	233.5375	100.8	386	0
2088	1	-5.232258065	-13.68064516	262.4125	19.4	386	0
2088	2	-2.2	-11.3862069	487.9	24.9	386	0
2088	3	6.583870968	-3.832258065	1012.025	93.1	386	0
2088	4	10.32	-1.146666667	741.2125	70.7	386	0
2088	5	19.87096774	4.822580645	1021.65	73.7	410.4398148	1470.616822
2088	6	24.19666667	10.70666667	1292.2	178.3	417.049505	2640.114029
2088	7	26.39677419	13.42903226	1287.3	97.2	408.6440217	3325.539444
2088	8	25.66774194	13.66774194	1118.775	143.8	398.5921938	4023.415454
2088	9	21.26333333	9.7	770.175	142.9	396.9263889	4871.782121
2088	10	14.72258065	3.219354839	531.7375	143.3	401.0829268	4927.029646
2088	11	9.73	-0.88	299.5125	50.4	386	0
2088	12	-4.05483871	-11.32580645	233.5375	52.7	386	0
2089	1	-7.651612903	-17.6	262.4125	32.1	386	0
2089	2	-0.7875	-12.81666667	487.9	39.6	386	0
2089	3	5.007407407	-7.251851852	1012.025	5.1	386	0
2089	4	13.44333333	-0.066666667	741.2125	41.4	386	0
2089	5	19.6516129	5.75483871	1021.65	211.2	404.2803532	1537.922078
2089	6	23.21785714	10.05357143	1292.2	68.5	415.25	2892.922078
2089	7	27.09032258	14.06129032	1287.3	132.3	397.5345061	3148.922078
2089	8	23.36774194	10.57096774	1118.775	79.2	392.5442478	4007.467533
2089	9	19.08	5.226666667	770.175	39.9	402.1972222	5730.579892
2089	10	11.56774194	-0.467741935	531.7375	42.4	393.8741722	5751.246559
2089	11	7.8	-3.63	299.5125	37.2	386	0
2089	12	-2.209677419	-12.12903226	233.5375	12	386	0
2090	1	-5.477419355	-18.13548387	262.4125	25.2	386	0
2090	2	0.134482759	-13.02758621	487.9	25.3	386	0
2090	3	7.55483871	-4.419354839	1012.025	27.4	386	0
2090	4	10.24333333	-2.786666667	741.2125	39.4	386	0
2090	5	19.22903226	4.925806452	1021.65	27.4	367.7732558	2769.742574
2090	6	21.56333333	8.686666667	1292.2	86.1	362.8832	3279.742574
2090	7	23.97419355	11.66451613	1287.3	196	367.9237171	3589.575458
2090	8	24.26774194	10.87419355	1118.775	43.8	372.594086	5686.763469
2090	9	18.70666667	5.983333333	770.175	50.2	364.9702128	7723.463469
2090	10	14.10666667	1.466666667	531.7375	20.4	386	8167.796803
2090	11	1.589655172	-5	299.5125	36.1	386	0
2090	12	-8.846666667	-19.97666667	233.5375	2.8	386	0
2091	1	-2.790322581	-13.17419355	262.4125	6.6	386	0
2091	2	-5.892857143	-17.02857143	487.9	8.9	386	0
2091	3	1.567741936	-9.012903226	1012.025	3.1	386	0
2091	4	12.96	0.503333333	741.2125	62.3	386	0
2091	5	18.96129032	5.835483871	1021.65	64.3	369.8970976	3132.476191
2091	6	23.08666667	10.74666667	1292.2	72.8	365.6346968	5634.476191
2091	7	26.18709677	12.16774194	1287.3	95.2	363.5201613	6907.659289
2091	8	25.57419355	12.03870968	1118.775	76.1	366.4814815	7777.815811
2091	9	18.44666667	6.22	770.175	166.7	357.5423977	9436.271142
2091	10	11.75806452	0.196774194	531.7375	59.8	386	0
2091	11	9.03	-0.833333333	299.5125	30.6	386	0
2091	12	-0.480645161	-8.835483871	233.5375	32.1	386	0
2092	1	-1.558064516	-10.5483871	262.4125	1.8	386	0
2092	2	-0.125	-10.95714286	487.9	12.5	386	0
2092	3	-1.674193548	-13.00322581	1012.025	34.2	386	0
2092	4	9.151724138	-2.555172414	741.2125	152.6	386	0
2092	5	15.08387097	2.009677419	1021.65	41.9	369.1546185	2334.551351
2092	6	23.16666667	11.77333333	1292.2	58.2	370.2086614	3400.525377
2092	7	27.54	14.25666667	1287.3	121.9	383.8424658	4176.442537
2092	8	24.28709677	11.49677419	1118.775	62	369.7642957	5097.910427
2092	9	20.12666667	8.763333333	770.175	110.9	381.3268156	5975.148249
2092	10	7.683870968	-1.825806452	531.7375	54	406.1944444	0
2092	11	1.853333333	-7.17	299.5125	2.6	386	0
2092	12	-1.716129032	-10.50645161	233.5375	5.3	386	0
2093	1	-7.141935484	-17.6	262.4125	0.6	386	0
2093	2	-6.192857143	-19.52142857	487.9	7.7	386	0
2093	3	2.277419355	-10.21935484	1012.025	22.1	386	0
2093	4	10.43103448	-3.117241379	741.2125	62.2	386	0
2093	5	17.41935484	2.783870968	1021.65	58.2	390.6875	2769.742574
2093	6	22.79333333	8.34	1292.2	32	378.3208333	3279.742574
2093	7	25.86129032	11.07741936	1287.3	100.3	377.7826087	3589.575458
2093	8	26.36774194	12.26129032	1118.775	19.8	380.4428105	5686.763469
2093	9	19.63	7.576666667	770.175	33.5	380.4799406	7723.463469
2093	10	11.88	-0.11	531.7375	15.5	372.9917355	8167.796803
2093	11	2.45	-5.186666667	299.5125	19.2	386	0
2093	12	-1.148387097	-10.71935484	233.5375	18.8	386	0
							
							
							
							
							
							
							
							
							
							
							
							
							
							
							
							
							
							
							
							
							
							
							
							
							
							
							
							
							
							
							
							
							
							
							
							
							
							
							
							
							
							
							
							
							
							
							
							
							
							
							
							
							
							
							
							
							
							
							
							
							
							
							
							
							
							
							
							
							
							
							
							
							
							
							
							
							
							
							
							
							
							
							
							
							
							
							
							
							
							
							
							
							
							
							
							
							
							
							
							
							
							
							
							
							
							
							
							
							
							
							
							
							
							
							
							
							
							
							
							
							
							
							
							
							
							
							
							
							
							
							
							
							
							
							
							
							
							
							
							
							
							
							
							
							
							
							
							
							
							
							
							
							
							
							
							
							
							
							
							
							
							
							
							
							
							
							
							
							
							
							
							
							
							
							
							
							
							
